[bounds]
k=[0,3]
kn = [0,5]
ka = [0,5]
const_cata=[0,5]



[molecular mass]
HA = 1.1
HS = 0.8
HR=1.8
DIESEL=0.2
GASO = 0.110
GS=0.1
GO=0.105
GA=0.115
DGAS=0.01604
LO3=0.04208
LO4=0.0561
LPGD=0.058263032
COKE=0.012

[init]
K_modle = [[0,0,0,0,0,0,0],[0,0,0,0,0,0,0],[0,0,0,0,0,0,0],[1,1,1,0,0,0,0],[1,1,1,1,0,0,0],[1,1,1,1,1,0,0],[1,1,1,1,1,0,0]]

K_init = [[0,0,0,0,0,0,0],[0,0,0,0,0,0,0],[0,0,0,0,0,0,0],[1,1,1,0,0,0,0],[1,1,1,1,0,0,0],[1,1,1,1,1,0,0],[1,1,1,1,1,0,0]]

ka_init=1
kn_init=1
const_cata_init=1
[factor]

t_resid = 4.01
p = 263
Y= [1.02,2,1.9,25.87,46.97,15.57,6.67]
const_r=8.3145
w_aro = 22.38
w_nitro = 0.175
t =520
r_oil=6.47
n= 7

result=[[]]
