[bounds]
k=[1,2]



[molecular mass]
HA = 1.1
HS = 0.8
HR=1.8 
DIESEL=0.2
GS=0.1
GO=0.105
GA=0.115
DGAS=0.01604
LO3=0.04208
LO4=0.0561
LPGD=0.058
COKE=0.012

[K_module]